eta,fp,Fp,t,tp
0.000000000000000000e+00,-3.455480414240814646e-01,-1.524645616643424129e-01,8.047936422601953410e-01,1.968919690573231185e-01
7.499999999999999722e-03,-3.429743130225714753e-01,-1.513500191583420640e-01,7.902936236203147446e-01,1.935230351477003896e-01
1.499999999999999944e-02,-3.404208015889488292e-01,-1.502438443392574430e-01,7.760706779633493868e-01,1.902143910846419983e-01
2.249999999999999917e-02,-3.378873285864375520e-01,-1.491459705663626401e-01,7.621191360916400592e-01,1.869649003444077973e-01
2.999999999999999889e-02,-3.353737174366330231e-01,-1.480563317977487137e-01,7.484334541846425770e-01,1.837734491477049925e-01
3.749999999999999861e-02,-3.328797934907377076e-01,-1.469748625837146161e-01,7.350082107779112306e-01,1.806389459723967417e-01
4.499999999999999833e-02,-3.304053840013493892e-01,-1.459014980602527101e-01,7.218381038217999146e-01,1.775603210774827079e-01
5.249999999999999806e-02,-3.279503180947888619e-01,-1.448361739426273220e-01,7.089179478175736682e-01,1.745365260380676853e-01
5.999999999999999778e-02,-3.255144267439555317e-01,-1.437788265190443615e-01,6.962426710286991893e-01,1.715665332910427943e-01
6.750000000000000444e-02,-3.230975427416972190e-01,-1.427293926444104244e-01,6.838073127651482785e-01,1.686493356912109609e-01
7.499999999999999722e-02,-3.206995006746838905e-01,-1.416878097341800202e-01,6.716070207386225510e-01,1.657839460775958618e-01
8.249999999999999001e-02,-3.183201368977726098e-01,-1.406540157582891193e-01,6.596370484866677097e-01,1.629693968496805645e-01
8.999999999999999667e-02,-3.159592895088533804e-01,-1.396279492351734652e-01,6.478927528637132838e-01,1.602047395533287844e-01
9.750000000000000333e-02,-3.136167983241641144e-01,-1.386095492258703210e-01,6.363695915971320227e-01,1.574890444761491981e-01
1.049999999999999961e-01,-3.112925048540647333e-01,-1.375987553282020104e-01,6.250631209064746452e-01,1.548214002520684474e-01
1.124999999999999889e-01,-3.089862522792599098e-01,-1.365955076710400062e-01,6.139689931840920378e-01,1.522009134748858183e-01
1.199999999999999956e-01,-3.066978854274597377e-01,-1.355997469086477059e-01,6.030829547354108477e-01,1.496267083205885529e-01
1.275000000000000022e-01,-3.044272507504696135e-01,-1.346114142151012549e-01,5.924008435771855874e-01,1.470979261782118519e-01
1.350000000000000089e-01,-3.021741963016983945e-01,-1.336304512787863108e-01,5.819185872920968894e-01,1.446137252890350167e-01
1.425000000000000155e-01,-2.999385717140770069e-01,-1.326568002969698290e-01,5.716322009381200608e-01,1.421732803939085577e-01
1.499999999999999944e-01,-2.977202281783766225e-01,-1.316904039704457074e-01,5.615377850111344937e-01,1.397757823885150408e-01
1.574999999999999734e-01,-2.955190184219192995e-01,-1.307312054982523453e-01,5.516315234592897854e-01,1.374204379863693259e-01
1.649999999999999800e-01,-2.933347966876711510e-01,-1.297791485724618388e-01,5.419096817476918293e-01,1.351064693893709312e-01
1.724999999999999867e-01,-2.911674187137102132e-01,-1.288341773730387330e-01,5.323686049720154356e-01,1.328331139657249194e-01
1.799999999999999933e-01,-2.890167417130606875e-01,-1.278962365627676345e-01,5.230047160196898970e-01,1.305996239350531163e-01
1.875000000000000000e-01,-2.868826243538853404e-01,-1.269652712822483542e-01,5.138145137773475479e-01,1.284052660605220220e-01
1.950000000000000067e-01,-2.847649267400287343e-01,-1.260412271449573851e-01,5.047945713832634462e-01,1.262493213478186604e-01
2.025000000000000133e-01,-2.826635103919030167e-01,-1.251240502323748005e-01,4.959415345235527184e-01,1.241310847508091536e-01
2.099999999999999922e-01,-2.805782382277093312e-01,-1.242136870891751566e-01,4.872521197709282492e-01,1.220498648837202854e-01
2.174999999999999711e-01,-2.785089745449876308e-01,-1.233100847184815801e-01,4.787231129648586991e-01,1.200049837396875846e-01
2.249999999999999778e-01,-2.764555850024874584e-01,-1.224131905771819462e-01,4.703513676320005277e-01,1.179957764155179084e-01
2.324999999999999845e-01,-2.744179366023529743e-01,-1.215229525713060060e-01,4.621338034458100097e-01,1.160215908425184794e-01
2.399999999999999911e-01,-2.723958976726157943e-01,-1.206393190514625374e-01,4.540674047242759248e-01,1.140817875232478518e-01
2.474999999999999978e-01,-2.703893378499886424e-01,-1.197622388083354333e-01,4.461492189647431328e-01,1.121757392740485859e-01
2.550000000000000044e-01,-2.683981280629538224e-01,-1.188916610682379943e-01,4.383763554148279451e-01,1.103028309732242418e-01
2.625000000000000111e-01,-2.664221405151397937e-01,-1.180275354887240780e-01,4.307459836784561791e-01,1.084624593147276161e-01
2.700000000000000178e-01,-2.644612486689805753e-01,-1.171698121542555648e-01,4.232553323560822589e-01,1.066540325672300504e-01
2.775000000000000244e-01,-2.625153272296509299e-01,-1.163184415719250298e-01,4.159016877181759830e-01,1.048769703384450219e-01
2.850000000000000311e-01,-2.605842521292727199e-01,-1.154733746672325784e-01,4.086823924110896122e-01,1.031307033445828386e-01
2.924999999999999822e-01,-2.586679005113857177e-01,-1.146345627799164324e-01,4.015948441944446334e-01,1.014146731848157984e-01
2.999999999999999889e-01,-2.567661507156782652e-01,-1.138019576598357785e-01,3.946364947092004805e-01,9.972833212063676733e-02
3.074999999999999956e-01,-2.548788822629718398e-01,-1.129755114629055895e-01,3.878048482755953041e-01,9.807114285999690706e-02
3.149999999999999467e-01,-2.530059758404542003e-01,-1.121551767470823080e-01,3.810974607201676467e-01,9.644257834611098812e-02
3.224999999999999534e-01,-2.511473132871567260e-01,-1.113409064683994754e-01,3.745119382310948541e-01,9.484212155082180629e-02
3.299999999999999600e-01,-2.493027775796698986e-01,-1.105326539770529470e-01,3.680459362411033775e-01,9.326926527241789777e-02
3.374999999999999667e-01,-2.474722528180930137e-01,-1.097303730135343186e-01,3.616971583372280419e-01,9.172351193780127476e-02
3.449999999999999734e-01,-2.456556242122126532e-01,-1.089340177048123137e-01,3.554633551967191218e-01,9.020437340890463673e-02
3.524999999999999800e-01,-2.438527780679057289e-01,-1.081435425605610789e-01,3.493423235484135470e-01,8.871137079325988606e-02
3.599999999999999867e-01,-2.420636017737621548e-01,-1.073589024694347610e-01,3.433319051589093229e-01,8.724403425862245487e-02
3.674999999999999933e-01,-2.402879837879230429e-01,-1.065800526953876171e-01,3.374299858428975729e-01,8.580190285155801788e-02
3.750000000000000000e-01,-2.385258136251301175e-01,-1.058069488740389363e-01,3.316344944970275321e-01,8.438452431990076108e-02
3.825000000000000067e-01,-2.367769818439815488e-01,-1.050395470090821209e-01,3.259434021566959827e-01,8.299145493899444392e-02
3.900000000000000133e-01,-2.350413800343909287e-01,-1.042778034687371486e-01,3.203547210751696017e-01,8.162225934162989360e-02
3.975000000000000200e-01,-2.333189008052446167e-01,-1.035216749822459176e-01,3.148665038244669034e-01,8.027651035159437398e-02
4.050000000000000266e-01,-2.316094377722539011e-01,-1.027711186364095586e-01,3.094768424174402788e-01,7.895378882075075599e-02
4.124999999999999778e-01,-2.299128855459980914e-01,-1.020260918721673932e-01,3.041838674505160101e-01,7.765368346956603995e-02
4.199999999999999845e-01,-2.282291397201546279e-01,-1.012865524812165408e-01,2.989857472665641835e-01,7.637579073101107008e-02
4.274999999999999911e-01,-2.265580968599125999e-01,-1.005524586026718820e-01,2.938806871373857432e-01,7.511971459775514115e-02
4.349999999999999423e-01,-2.248996544905662587e-01,-9.982376871976558763e-02,2.888669284653179736e-01,7.388506647258069604e-02
4.424999999999999489e-01,-2.232537110862846119e-01,-9.910044165658558890e-02,2.839427480034726892e-01,7.267146502194579694e-02
4.499999999999999556e-01,-2.216201660590541300e-01,-9.838243657485258586e-02,2.791064570941367284e-01,7.147853603262314948e-02
4.574999999999999623e-01,-2.199989197477910108e-01,-9.766971297073477609e-02,2.743564009248742885e-01,7.030591227134666554e-02
4.649999999999999689e-01,-2.183898734076193948e-01,-9.696223067169995602e-02,2.696909578018871212e-01,6.915323334739793826e-02
4.724999999999999756e-01,-2.167929291993131724e-01,-9.625994983340425970e-02,2.651085384401968281e-01,6.802014557806679296e-02
4.799999999999999822e-01,-2.152079901788972460e-01,-9.556283093661707695e-02,2.606075852702282591e-01,6.690630185692163223e-02
4.874999999999999889e-01,-2.136349602874059450e-01,-9.487083478418173454e-02,2.561865717603833414e-01,6.581136152482673640e-02
4.949999999999999956e-01,-2.120737443407952616e-01,-9.418392249801108007e-02,2.518440017552056043e-01,6.473499024364536003e-02
5.024999999999999467e-01,-2.105242480200061606e-01,-9.350205551611785737e-02,2.475784088287472651e-01,6.367685987256881119e-02
5.100000000000000089e-01,-2.089863778611757428e-01,-9.282519558967898543e-02,2.433883556527603464e-01,6.263664834701317130e-02
5.175000000000000711e-01,-2.074600412459940701e-01,-9.215330478013361581e-02,2.392724333793447566e-01,6.161403956002679816e-02
5.250000000000000222e-01,-2.059451463922033487e-01,-9.148634545631414983e-02,2.352292610376943705e-01,6.060872324615278889e-02
5.324999999999999734e-01,-2.044416023442370833e-01,-9.082428029160988237e-02,2.312574849445934999e-01,5.962039486769235563e-02
5.400000000000000355e-01,-2.029493189639965112e-01,-9.016707226116285612e-02,2.273557781283247481e-01,5.864875550331610787e-02
5.474999999999999867e-01,-2.014682069217620386e-01,-8.951468463909541262e-02,2.235228397656582044e-01,5.769351173897144247e-02
5.549999999999999378e-01,-1.999981776872364614e-01,-8.886708099576882958e-02,2.197573946316002114e-01,5.675437556103547082e-02
5.625000000000000000e-01,-1.985391435207184418e-01,-8.822422519507294725e-02,2.160581925615903398e-01,5.583106425166439041e-02
5.699999999999999512e-01,-1.970910174644032176e-01,-8.758608139174593743e-02,2.124240079258415403e-01,5.492330028629104077e-02
5.774999999999999023e-01,-1.956537133338083490e-01,-8.695261402872409007e-02,2.088536391155269845e-01,5.403081123322350798e-02
5.849999999999999645e-01,-1.942271457093222853e-01,-8.632378783452111792e-02,2.053459080405259374e-01,5.315332965529909887e-02
5.925000000000000266e-01,-1.928112299278737229e-01,-8.569956782063641032e-02,2.018996596384474984e-01,5.229059301354871403e-02
5.999999999999999778e-01,-1.914058820747189527e-01,-8.507991927899206941e-02,1.985137613946587332e-01,5.144234357282784220e-02
6.074999999999999289e-01,-1.900110189753456691e-01,-8.446480777939807671e-02,1.951871028730508273e-01,5.060832830937140453e-02
6.149999999999999911e-01,-1.886265581874909114e-01,-8.385419916704545118e-02,1.919185952572847187e-01,4.978829882023078079e-02
6.225000000000000533e-01,-1.872524179932709698e-01,-8.324805956002684360e-02,1.887071709022630217e-01,4.898201123455211276e-02
6.300000000000000044e-01,-1.858885173914215649e-01,-8.264635534688415108e-02,1.855517828955825510e-01,4.818922612665609007e-02
6.374999999999999556e-01,-1.845347760896458023e-01,-8.204905318418287408e-02,1.824514046287279978e-01,4.740970843088020831e-02
6.450000000000000178e-01,-1.831911144970686800e-01,-8.145611999411293824e-02,1.794050293777734451e-01,4.664322735814568910e-02
6.524999999999999689e-01,-1.818574537167957639e-01,-8.086752296211537072e-02,1.764116698933649308e-01,4.588955631421167553e-02
6.599999999999999201e-01,-1.805337155385741132e-01,-8.028322953453460864e-02,1.734703579997614875e-01,4.514847281958051656e-02
6.674999999999999822e-01,-1.792198224315542099e-01,-7.970320741629613459e-02,1.705801442027206072e-01,4.441975843101873128e-02
6.749999999999999334e-01,-1.779156975371506133e-01,-7.912742456860910600e-02,1.677400973060167999e-01,4.370319866465899317e-02
6.824999999999998845e-01,-1.766212646619996773e-01,-7.855584920669342330e-02,1.649493040363889662e-01,4.299858292064911991e-02
6.899999999999999467e-01,-1.753364482710130234e-01,-7.798844979753118134e-02,1.622068686767173529e-01,4.230570440931531728e-02
6.975000000000000089e-01,-1.740611734805244670e-01,-7.742519505764206000e-02,1.595119127072352760e-01,4.162436007880711275e-02
7.049999999999999600e-01,-1.727953660515295642e-01,-7.686605395088220993e-02,1.568635744545866795e-01,4.095435054419243465e-02
7.124999999999999112e-01,-1.715389523830151974e-01,-7.631099568626661944e-02,1.542610087485443704e-01,4.029548001797208373e-02
7.199999999999999734e-01,-1.702918595053788675e-01,-7.575998971581426877e-02,1.517033865862096598e-01,3.964755624198331579e-02
7.275000000000000355e-01,-1.690540150739349712e-01,-7.521300573241615495e-02,1.491898948035178807e-01,3.901039042066321155e-02
7.349999999999999867e-01,-1.678253473625074543e-01,-7.467001366772554882e-02,1.467197357538784774e-01,3.838379715564284311e-02
7.424999999999999378e-01,-1.666057852571067588e-01,-7.413098369007041499e-02,1.442921269937834927e-01,3.776759438164417615e-02
7.500000000000000000e-01,-1.653952582496901191e-01,-7.359588620238757817e-02,1.419063009752223048e-01,3.716160330365228526e-02
7.575000000000000622e-01,-1.641936964320035164e-01,-7.306469184017846952e-02,1.395615047447437695e-01,3.656564833533580000e-02
7.650000000000000133e-01,-1.630010304895040396e-01,-7.253737146948603665e-02,1.372569996490116129e-01,3.597955703868939425e-02
7.724999999999999645e-01,-1.618171916953611011e-01,-7.201389618489255351e-02,1.349920610467026383e-01,3.540316006487262412e-02
7.800000000000000266e-01,-1.606421119045355062e-01,-7.149423730753823314e-02,1.327659780266014500e-01,3.483629109621990544e-02
7.874999999999999778e-01,-1.594757235479349333e-01,-7.097836638316017133e-02,1.305780531317478343e-01,3.427878678939722673e-02
7.949999999999999289e-01,-1.583179596266444389e-01,-7.046625518015142697e-02,1.284276020894979387e-01,3.373048671968136014e-02
8.024999999999999911e-01,-1.571687537062307904e-01,-6.995787568764000319e-02,1.263139535473629393e-01,3.319123332633825557e-02
8.099999999999999423e-01,-1.560280399111198812e-01,-6.945320011358746548e-02,1.242364488144928891e-01,3.266087185907769891e-02
8.174999999999998934e-01,-1.548957529190450044e-01,-6.895220088290693328e-02,1.221944416086756940e-01,3.213925032556153721e-02
8.249999999999999556e-01,-1.537718279555659040e-01,-6.845485063560015349e-02,1.201872978087257793e-01,3.162621943994384233e-02
8.325000000000000178e-01,-1.526562007886569650e-01,-6.796112222491355881e-02,1.182143952121390423e-01,3.112163257242136008e-02
8.399999999999999689e-01,-1.515488077233631825e-01,-6.747098871551290844e-02,1.162751232978938981e-01,3.062534569977327231e-02
8.474999999999999201e-01,-1.504495855965233275e-01,-6.698442338167627519e-02,1.143688829942815371e-01,3.013721735686977765e-02
8.549999999999999822e-01,-1.493584717715587817e-01,-6.650139970550537905e-02,1.124950864516511412e-01,2.965710858912948972e-02
8.625000000000000444e-01,-1.482754041333274597e-01,-6.602189137515472594e-02,1.106531568199586590e-01,2.918488290590591158e-02
8.699999999999999956e-01,-1.472003210830411801e-01,-6.554587228307855173e-02,1.088425280310101328e-01,2.872040623478385249e-02
8.774999999999999467e-01,-1.461331615332459866e-01,-6.507331652429516888e-02,1.070626445852937980e-01,2.826354687676697897e-02
8.850000000000000089e-01,-1.450738649028641414e-01,-6.460419839466877145e-02,1.053129613432974426e-01,2.781417546233820245e-02
8.924999999999999600e-01,-1.440223711122970152e-01,-6.413849238920817097e-02,1.035929433212098849e-01,2.737216490837490745e-02
8.999999999999999112e-01,-1.429786205785875675e-01,-6.367617320038237994e-02,1.019020654909079809e-01,2.693739037590138496e-02
9.074999999999999734e-01,-1.419425542106420024e-01,-6.321721571645301518e-02,1.002398125841333087e-01,2.650972922866142584e-02
9.149999999999999245e-01,-1.409141134045091004e-01,-6.276159501982295219e-02,9.860567890076445130e-02,2.608906099249416397e-02
9.224999999999998757e-01,-1.398932400387167818e-01,-6.230928638540134124e-02,9.699916812109306286e-02,2.567526731549671370e-02
9.299999999999999378e-01,-1.388798764696647370e-01,-6.186026527898465938e-02,9.541979312201492869e-02,2.526823192895762127e-02
9.375000000000000000e-01,-1.378739655270724285e-01,-6.141450735565356228e-02,9.386707579704828275e-02,2.486784060904529553e-02
9.449999999999999512e-01,-1.368754505094814389e-01,-6.097198845818550123e-02,9.234054688009431244e-02,2.447398113923604165e-02
9.524999999999999023e-01,-1.358842751798115256e-01,-6.053268461548265422e-02,9.083974577285684748e-02,2.408654327346664709e-02
9.599999999999999645e-01,-1.349003837609692724e-01,-6.009657204101530314e-02,8.936422037584000611e-02,2.370541869999680251e-02
9.749999999999999778e-01,-1.329542318215180263e-01,-5.923382646433774518e-02,8.648722982529635783e-02,2.296168564408431617e-02
9.899999999999999911e-01,-1.310365575103187297e-01,-5.838356506900149734e-02,8.370612219736657533e-02,2.224195283259434303e-02
1.004999999999999893e+00,-1.291469307340767092e-01,-5.754560405188498956e-02,8.101757020575456325e-02,2.154541987870420630e-02
1.020000000000000018e+00,-1.272849283551359401e-01,-5.671976241859971735e-02,7.841836747852500011e-02,2.087131410638859777e-02
1.035000000000000142e+00,-1.254501340628215444e-01,-5.590586193715951779e-02,7.590542393063644255e-02,2.021888955008366295e-02
1.050000000000000044e+00,-1.236421382477293773e-01,-5.510372709252833734e-02,7.347576132399795401e-02,1.958742599216426947e-02
1.064999999999999947e+00,-1.218605378788755328e-01,-5.431318504202605618e-02,7.112650900696150524e-02,1.897622803673105346e-02
1.080000000000000071e+00,-1.201049363836231842e-01,-5.353406557157272538e-02,6.885489982553492927e-02,1.838462421826708715e-02
1.094999999999999973e+00,-1.183749435303058511e-01,-5.276620105275178774e-02,6.665826619895490190e-02,1.781196614378422263e-02
1.109999999999999876e+00,-1.166701753134696956e-01,-5.200942640067349187e-02,6.453403635259587212e-02,1.725762766713683297e-02
1.125000000000000000e+00,-1.149902538416603393e-01,-5.126357903262063198e-02,6.247973070151219971e-02,1.672100409423596390e-02
1.139999999999999902e+00,-1.133348072276818969e-01,-5.052849882745868992e-02,6.049295837821522942e-02,1.620151141794944072e-02
1.154999999999999805e+00,-1.117034694812585188e-01,-4.980402808579324075e-02,5.857141389857624392e-02,1.569858558152372949e-02
1.169999999999999929e+00,-1.100958804040316902e-01,-4.909001149085809312e-02,5.671287396002372416e-02,1.521168176941175773e-02
1.185000000000000053e+00,-1.085116854868281300e-01,-4.838629607011781658e-02,5.491519436646449120e-02,1.474027372443677264e-02
1.199999999999999956e+00,-1.069505358091357855e-01,-4.769273115756889059e-02,5.317630707460886674e-02,1.428385309026620684e-02
1.214999999999999858e+00,-1.054120879407274974e-01,-4.700916835672413335e-02,5.149421735661783434e-02,1.384192877821190625e-02
1.229999999999999982e+00,-1.038960038453740214e-01,-4.633546150426560983e-02,4.986700107421694617e-02,1.341402635741315887e-02
1.245000000000000107e+00,-1.024019507865899375e-01,-4.567146663435134313e-02,4.829280205963713130e-02,1.299968746749751575e-02
1.260000000000000009e+00,-1.009296012353577826e-01,-4.501704194356180577e-02,4.676982959894812608e-02,1.259846925285128781e-02
1.274999999999999911e+00,-9.947863277977804508e-02,-4.437204775647237559e-02,4.529635601354636137e-02,1.220994381766685177e-02
1.290000000000000036e+00,-9.804872803659377134e-02,-4.373634649183847506e-02,4.387071433574553370e-02,1.183369770096772897e-02
1.304999999999999938e+00,-9.663957456454082273e-02,-4.310980262938031438e-02,4.249129607459584818e-02,1.146933137084464940e-02
1.319999999999999840e+00,-9.525086477947582175e-02,-4.249228267715453311e-02,4.115654906822719533e-02,1.111645873716667413e-02
1.334999999999999964e+00,-9.388229587123596287e-02,-4.188365513950043084e-02,3.986497541917376902e-02,1.077470668206131389e-02
1.349999999999999867e+00,-9.253356972218609866e-02,-4.128379048554883107e-02,3.861512950929100324e-02,1.044371460748569173e-02
1.364999999999999769e+00,-9.120439282740976095e-02,-4.069256111828165046e-02,3.740561609102280305e-02,1.012313399923801295e-02
1.379999999999999893e+00,-8.989447621650248355e-02,-4.010984134413105029e-02,3.623508845191750899e-02,9.812628006784762311e-03
1.395000000000000018e+00,-8.860353537692711168e-02,-3.953550734310685294e-02,3.510224664942436512e-02,9.511871038303781889e-03
1.409999999999999920e+00,-8.733129017889174062e-02,-3.896943713944139853e-02,3.400583581312979081e-02,9.220548370367327370e-03
1.424999999999999822e+00,-8.607746480171232784e-02,-3.841151057274137803e-02,3.294464451171470742e-02,8.938355771712057363e-03
1.439999999999999947e+00,-8.484178766162360497e-02,-3.786160926963628298e-02,3.191750318203025877e-02,8.664999140564863186e-03
1.455000000000000071e+00,-8.362399134100230447e-02,-3.731961661591345208e-02,3.092328261780001933e-02,8.400194155014388195e-03
1.469999999999999973e+00,-8.242381251896840899e-02,-3.678541772912991004e-02,2.996089251556274119e-02,8.143665935938170300e-03
1.484999999999999876e+00,-8.124099190333090859e-02,-3.625889943169145063e-02,2.902928007557072781e-02,7.895148722014763351e-03
1.500000000000000000e+00,-8.007527416384570274e-02,-3.573995022438969382e-02,2.812742865545559551e-02,7.654385556368548983e-03
1.515000000000000124e+00,-7.892640786675431119e-02,-3.522846026038805450e-02,2.725435647456522087e-02,7.421127984412760961e-03
1.530000000000000027e+00,-7.779414541057269594e-02,-3.472432131964758861e-02,2.640911536696368550e-02,7.195135762473166274e-03
1.544999999999999929e+00,-7.667824296310071785e-02,-3.422742678378433434e-02,2.559078958117038879e-02,6.976176576791204807e-03
1.560000000000000053e+00,-7.557846039962365370e-02,-3.373767161134948178e-02,2.479849462479478614e-02,6.764025772521003663e-03
1.574999999999999956e+00,-7.449456124227789300e-02,-3.325495231352430803e-02,2.403137615230006505e-02,6.558466092349656343e-03
1.589999999999999858e+00,-7.342631260055348941e-02,-3.277916693022165512e-02,2.328860889420232214e-02,6.359287424384496221e-03
1.604999999999999982e+00,-7.237348511290792041e-02,-3.231021500658629725e-02,2.256939562608242800e-02,6.166286558965003613e-03
1.619999999999999885e+00,-7.133585288946503455e-02,-3.184799756988640485e-02,2.187296617585451561e-02,5.979266954070083795e-03
1.634999999999999787e+00,-7.031319345577473345e-02,-3.139241710678861152e-02,2.119857646779921626e-02,5.798038509004200050e-03
1.649999999999999911e+00,-6.930528769760928298e-02,-3.094337754100946053e-02,2.054550760193147446e-02,5.622417346058075638e-03
1.665000000000000036e+00,-6.831191980677307762e-02,-3.050078421133603501e-02,1.991306496733107750e-02,5.452225599851288212e-03
1.679999999999999938e+00,-6.733287722790282093e-02,-3.006454385000878124e-02,1.930057738812038584e-02,5.287291214075331633e-03
1.694999999999999840e+00,-6.636795060623634779e-02,-2.963456456145971765e-02,1.870739630082743007e-02,5.127447745366501414e-03
1.709999999999999964e+00,-6.541693373632877229e-02,-2.921075580139939620e-02,1.813289496192396419e-02,4.972534174048286876e-03
1.725000000000000089e+00,-6.447962351169482520e-02,-2.879302835624610035e-02,1.757646768437723037e-02,4.822394721492873071e-03
1.739999999999999991e+00,-6.355581987535728616e-02,-2.838129432289084042e-02,1.703752910210112881e-02,4.676878673860862708e-03
1.754999999999999893e+00,-6.264532577128180402e-02,-2.797546708879201233e-02,1.651551346123777964e-02,4.535840211987508461e-03
1.770000000000000018e+00,-6.174794709667898174e-02,-2.757546131239361348e-02,1.600987393724342955e-02,4.399138247192532422e-03
1.784999999999999920e+00,-6.086349265515508117e-02,-2.718119290386106918e-02,1.552008197679396496e-02,4.266636262799007248e-03
1.799999999999999822e+00,-5.999177411069302190e-02,-2.679257900612878190e-02,1.504562666356480845e-02,4.138202161154879918e-03
1.814999999999999947e+00,-5.913260594244630630e-02,-2.640953797625384541e-02,1.458601410697794171e-02,4.013708115958560842e-03
1.829999999999999849e+00,-5.828580540032857887e-02,-2.603198936707026151e-02,1.414076685304494971e-02,3.893030429697394868e-03
1.844999999999999751e+00,-5.745119246138193081e-02,-2.565985390913821940e-02,1.370942331646967521e-02,3.776049396015048951e-03
1.859999999999999876e+00,-5.662858978690790690e-02,-2.529305349298316755e-02,1.329153723320750796e-02,3.662649166830760170e-03
1.875000000000000000e+00,-5.581782268034525540e-02,-2.493151115161942530e-02,1.288667713271007126e-02,3.552717624039998436e-03
1.889999999999999902e+00,-5.501871904587887774e-02,-2.457515104335323761e-02,1.249442582911457038e-02,3.446146255632459403e-03
1.919999999999999929e+00,-5.345482657195362031e-02,-2.387767968520225492e-02,1.174614938458750160e-02,3.242667315247825966e-03
1.949999999999999956e+00,-5.193558608361569656e-02,-2.320005455375341585e-02,1.104363787742333042e-02,3.051411922257480421e-03
1.979999999999999982e+00,-5.045971038153013871e-02,-2.254170773419422735e-02,1.038402023281338564e-02,2.871630114545058784e-03
2.009999999999999787e+00,-4.902595014247855543e-02,-2.190208775698801805e-02,9.764610959604848664e-03,2.702619111333703830e-03
2.040000000000000036e+00,-4.763309275557010142e-02,-2.128065910968882438e-02,9.182897737492874690e-03,2.543720257959063581e-03
2.069999999999999840e+00,-4.627996119742652098e-02,-2.067690176399996846e-02,8.636529866617307857e-03,2.394316174970973106e-03
2.100000000000000089e+00,-4.496541294482513107e-02,-2.009031071755255221e-02,8.123307517112059520e-03,2.253828097410345670e-03
2.129999999999999893e+00,-4.368833892335700214e-02,-1.952039554990153344e-02,7.641171720883961453e-03,2.121713391125737598e-03
2.160000000000000142e+00,-4.244766249072433328e-02,-1.896667999225638140e-02,7.188195052250357341e-03,1.997463233935590186e-03
2.189999999999999947e+00,-4.124233845336659071e-02,-1.842870151048299834e-02,6.762572948074123229e-03,1.880600450313743609e-03
2.219999999999999751e+00,-4.007135211516422296e-02,-1.790601090093097564e-02,6.362615621727817951e-03,1.770677489082380946e-03
2.250000000000000000e+00,-3.893371835702665040e-02,-1.739817189865809285e-02,5.986740528623098363e-03,1.667274534343621707e-03
2.279999999999999805e+00,-3.782848074622465612e-02,-1.690476079764002132e-02,5.633465344179814684e-03,1.569997740572743163e-03
2.310000000000000053e+00,-3.675471067437800776e-02,-1.642536608256889991e-02,5.301401418003880497e-03,1.478477583436927419e-03
2.339999999999999858e+00,-3.571150652305771916e-02,-1.595958807185968512e-02,4.989247670713879874e-03,1.392367318497411428e-03
2.370000000000000107e+00,-3.469799285600701916e-02,-1.550703857149703102e-02,4.695784902320996289e-03,1.311341540503352518e-03
2.399999999999999911e+00,-3.371331963702891427e-02,-1.506734053936950764e-02,4.419870483342901515e-03,1.235094836496196044e-03
2.429999999999999716e+00,-3.275666147262804029e-02,-1.464012775975064018e-02,4.160433401933680622e-03,1.163340526416594030e-03
2.459999999999999964e+00,-3.182721687853391768e-02,-1.422504452759900881e-02,3.916469642253873895e-03,1.095809485345034450e-03
2.489999999999999769e+00,-3.092420756926864134e-02,-1.382174534236137869e-02,3.687037871098977019e-03,1.032249041914665589e-03
2.520000000000000018e+00,-3.004687776995682014e-02,-1.342989461097424120e-02,3.471255411463620034e-03,9.724219478128437325e-04
2.549999999999999822e+00,-2.919449354960896442e-02,-1.304916635977025792e-02,3.268294483252689314e-03,9.161054136388880730e-04
2.580000000000000071e+00,-2.836634217513993306e-02,-1.267924395500621450e-02,3.077378692769414288e-03,8.630902067112783621e-04
2.609999999999999876e+00,-2.756173148541462420e-02,-1.231981983173951675e-02,2.897779753923490978e-03,8.131798067201698611e-04
2.639999999999999680e+00,-2.677998928464056863e-02,-1.197059523078944365e-02,2.728814425317250148e-03,7.661896154020923690e-04
2.669999999999999929e+00,-2.602046275445454512e-02,-1.163127994352894552e-02,2.569841648492992604e-03,7.219462166748671786e-04
2.699999999999999734e+00,-2.528251788407554282e-02,-1.130159206426136799e-02,2.420259873666303924e-03,6.802866839134047482e-04
2.729999999999999982e+00,-2.456553891792073729e-02,-1.098125774994499967e-02,2.279504560235190609e-03,6.410579312725881232e-04
2.759999999999999787e+00,-2.386892782010474612e-02,-1.067001098703661451e-02,2.147045840249130460e-03,6.041161061731510282e-04
2.790000000000000036e+00,-2.319210375526390908e-02,-1.036759336523273775e-02,2.022386333850734966e-03,5.693260202614047402e-04
2.819999999999999840e+00,-2.253450258516912288e-02,-1.007375385789515201e-02,1.905059106471150001e-03,5.365606163350434936e-04
2.850000000000000089e+00,-2.189557638061027933e-02,-9.788248608954091406e-03,1.794625758272635650e-03,5.057004688959171974e-04
2.879999999999999893e+00,-2.127479294805513510e-02,-9.510840726089753866e-03,1.690674636992708880e-03,4.766333161476536988e-04
2.909999999999999698e+00,-2.067163537060328488e-02,-9.241300079999202610e-03,1.592819165957219630e-03,4.492536214020492183e-04
2.939999999999999947e+00,-2.008560156277395398e-02,-8.979403109562307528e-03,1.500696279598787196e-03,4.234621619941384731e-04
2.969999999999999751e+00,-1.951620383868275105e-02,-8.724932632726457513e-03,1.413964959345091407e-03,3.991656439324171987e-04
3.000000000000000000e+00,-1.896296849317869598e-02,-8.477677662935669337e-03,1.332304863231874303e-03,3.762763406285602841e-04
3.029999999999999805e+00,-1.842543539552837784e-02,-8.237433230935585493e-03,1.255415043050924981e-03,3.547117541607660218e-04
3.060000000000000053e+00,-1.790315759524842287e-02,-8.004000211791142613e-03,1.183012743266253879e-03,3.343942976270953432e-04
3.089999999999999858e+00,-1.739570093970207315e-02,-7.777185156959200672e-03,1.114832276324751337e-03,3.152509972404686890e-04
3.120000000000000107e+00,-1.690264370308859621e-02,-7.556800131263328134e-03,1.050623969352803199e-03,2.972132129057448481e-04
3.149999999999999911e+00,-1.642357622646777732e-02,-7.342662554623066891e-03,9.901531775698977147e-04,2.802163761020726239e-04
3.179999999999999716e+00,-1.595810056847364947e-02,-7.134595048394518947e-03,9.331993600658568038e-04,2.641997439708247881e-04
3.209999999999999964e+00,-1.550583016638398641e-02,-6.932425286183877683e-03,8.795552138819165899e-04,2.491061685813604834e-04
3.239999999999999769e+00,-1.506638950722314317e-02,-6.735985848999797437e-03,8.290258626088828136e-04,2.348818804139189502e-04
3.270000000000000018e+00,-1.463941380858703283e-02,-6.545114084614775569e-03,7.814280959696119503e-04,2.214762851615041835e-04
3.299999999999999822e+00,-1.422454870888959291e-02,-6.359651971009908783e-03,7.365896570894673147e-04,2.088417730109786070e-04
3.330000000000000071e+00,-1.382144996673998968e-02,-6.179445983781198422e-03,6.943485743783627028e-04,1.969335396180188003e-04
3.359999999999999876e+00,-1.342978316916993743e-02,-6.004346967389576246e-03,6.545525351528601538e-04,1.857094180414043294e-04
3.389999999999999680e+00,-1.304922344843942837e-02,-5.834210010140331547e-03,6.170582983174422277e-04,1.751297209495175297e-04
3.419999999999999929e+00,-1.267945520715860197e-02,-5.668894322781357041e-03,5.817311436017191025e-04,1.651570924562071642e-04
3.449999999999999734e+00,-1.232017185147185265e-02,-5.508263120612967752e-03,5.484443550157389567e-04,1.557563689844897496e-04
3.479999999999999982e+00,-1.197107553205871595e-02,-5.352183509005362105e-03,5.170787363396999597e-04,1.468944485951530557e-04
3.509999999999999787e+00,-1.163187689271418836e-02,-5.200526372223129509e-03,4.875221566080077565e-04,1.385401682533724552e-04
3.540000000000000036e+00,-1.130229482627868529e-02,-5.053166265459153352e-03,4.596691236814521306e-04,1.306641885401085552e-04
3.569999999999999840e+00,-1.098205623769550783e-02,-4.909981309983404291e-03,4.334203841261013231e-04,1.232388853465143236e-04
3.599999999999999645e+00,-1.067089581398063779e-02,-4.770853091314904669e-03,4.086825477338267205e-04,1.162382481189588987e-04
3.629999999999999893e+00,-1.036855580089680873e-02,-4.635666560328047942e-03,3.853677351279021944e-04,1.096377842497454338e-04
3.659999999999999698e+00,-1.007478578613035455e-02,-4.504309937207108538e-03,3.633932469983063517e-04,1.034144292342651386e-04
3.689999999999999947e+00,-9.789342488775705162e-03,-4.376674618165408287e-03,3.426812536057692051e-04,9.754646223932444428e-05
3.719999999999999751e+00,-9.511989554938831207e-03,-4.252655084848188521e-03,3.231585032817068759e-04,9.201342674982035158e-05
3.750000000000000000e+00,-9.242497359276615962e-03,-4.132148816340627459e-03,3.047560487333763777e-04,8.679605598191127288e-05
3.779999999999999805e+00,-8.980642812295189931e-03,-4.015056203704890983e-03,2.874089900403336878e-04,8.187620277045503563e-05
3.810000000000000053e+00,-8.726209173235613750e-03,-3.901280466972321948e-03,2.710562332998922509e-04,7.723677365683101286e-05
3.839999999999999858e+00,-8.478985868380844310e-03,-3.790727574519199821e-03,2.556402639461782399e-04,7.286166692043488549e-05
3.869999999999999662e+00,-8.238768314622961844e-03,-3.683306164756546854e-03,2.411069338298232206e-04,6.873571431319134520e-05
3.899999999999999911e+00,-8.005357748134786164e-03,-3.578927470066642271e-03,2.274052612036847078e-04,6.484462627146378368e-05
3.929999999999999716e+00,-7.778561057994773723e-03,-3.477505242920862771e-03,2.144872428144758503e-04,6.117494039380303773e-05
3.959999999999999964e+00,-7.558190624618739764e-03,-3.378955684115433032e-03,2.023076773511019242e-04,5.771397298614357386e-05
3.989999999999999769e+00,-7.344064162856621392e-03,-3.283197373063601564e-03,1.908239995480908206e-04,5.444977348838214948e-05
4.019999999999999574e+00,-7.136004569616651201e-03,-3.190151200084529251e-03,1.799961242869631294e-04,5.137108160781053603e-05
4.049999999999999822e+00,-6.933839775883732064e-03,-3.099740300631016743e-03,1.697863000799676870e-04,4.846728699568204326e-05
4.080000000000000071e+00,-6.737402603002793505e-03,-3.011889991399876922e-03,1.601589713594647941e-04,4.572839131330904008e-05
4.109999999999999432e+00,-6.546530623101835811e-03,-2.926527708270437907e-03,1.510806490325804436e-04,4.314497254356720998e-05
4.139999999999999680e+00,-6.361066023533247689e-03,-2.843582946018271846e-03,1.425197887947393736e-04,4.070815141256095316e-05
4.169999999999999929e+00,-6.180855475215708654e-03,-2.762987199752851147e-03,1.344466767274748455e-04,3.840955979452328117e-05
4.200000000000000178e+00,-6.005750004762406419e-03,-2.684673908029265761e-03,1.268333217356404320e-04,3.624131098081521013e-05
4.229999999999999538e+00,-5.835604870284949452e-03,-2.608578397585697723e-03,1.196533544069792559e-04,3.419597170119602185e-05
4.259999999999999787e+00,-5.670279440765548483e-03,-2.534637829659704394e-03,1.128819319030323950e-04,3.226653579237898919e-05
4.290000000000000036e+00,-5.509637078893415627e-03,-2.462791147837806865e-03,1.064956485147389831e-04,3.044639941530515769e-05
4.320000000000000284e+00,-5.353545027264310953e-03,-2.392979027394137679e-03,1.004724515388770721e-04,2.872933772858053691e-05
4.349999999999999645e+00,-5.201874297845338231e-03,-2.325143826075285868e-03,9.479156215285162014e-05,2.710948293116339629e-05
4.379999999999999893e+00,-5.054499564609932216e-03,-2.259229536289667373e-03,8.943340098531805200e-05,2.558130359267466903e-05
4.410000000000000142e+00,-4.911299059250927995e-03,-2.195181738661031688e-03,8.437951809885189253e-05,2.413958519466452313e-05
4.439999999999999503e+00,-4.772154469882215408e-03,-2.132947556906825831e-03,7.961252711839813428e-05,2.277941181081720746e-05
4.469999999999999751e+00,-4.636950842642262316e-03,-2.072475614003344100e-03,7.511604325565744190e-05,2.149614885843999793e-05
4.500000000000000000e+00,-4.505576486115387379e-03,-2.013715989600701854e-03,7.087462499494570265e-05,2.028542685767417312e-05
4.530000000000000249e+00,-4.377922878489023950e-03,-1.956620178651694193e-03,6.687371922047013507e-05,1.914312613870415320e-05
4.559999999999999609e+00,-4.253884577367821399e-03,-1.901141051219717775e-03,6.309960957847179268e-05,1.806536244084481032e-05
4.589999999999999858e+00,-4.133359132167629783e-03,-1.847232813431898962e-03,5.953936788033400447e-05,1.704847335076635603e-05
4.620000000000000107e+00,-4.016246999014824216e-03,-1.794850969544599514e-03,5.618080836461947193e-05,1.608900553028988091e-05
4.649999999999999467e+00,-3.902451458078495632e-03,-1.743952285089371817e-03,5.301244464711068251e-05,1.518370268716309037e-05
4.679999999999999716e+00,-3.791878533265256868e-03,-1.694494751068408803e-03,5.002344919835392031e-05,1.432949424502215665e-05
4.709999999999999964e+00,-3.684436914208515882e-03,-1.646437549169429927e-03,4.720361519797751647e-05,1.352348467136946918e-05
4.740000000000000213e+00,-3.580037880485947496e-03,-1.599741017970774835e-03,4.454332062421529834e-05,1.276294342486020536e-05
4.769999999999999574e+00,-3.478595228000985404e-03,-1.554366620108378443e-03,4.203349444566220448e-05,1.204529548550486989e-05
4.799999999999999822e+00,-3.380025197465936441e-03,-1.510276910377076958e-03,3.966558479034592937e-05,1.136811243356680072e-05
4.830000000000000071e+00,-3.284246404926240322e-03,-1.467435504739533162e-03,3.743152897476064247e-05,1.072910404497441163e-05
4.859999999999999432e+00,-3.191179774267071181e-03,-1.425807050216794120e-03,3.532372528259853327e-05,1.012611037298358255e-05
4.889999999999999680e+00,-3.100748471645275745e-03,-1.385357195635286654e-03,3.333500638957141981e-05,9.557094287626246687e-06
4.919999999999999929e+00,-3.012877841791307409e-03,-1.346052563205773610e-03,3.145861433695832813e-05,9.020134446172178988e-06
4.950000000000000178e+00,-2.927495346127365929e-03,-1.307860720910478981e-03,2.968817696237314836e-05,8.513418669419224927e-06
4.979999999999999538e+00,-2.844530502649602558e-03,-1.270750155675307242e-03,2.801768570174807067e-05,8.035237700120569760e-06
5.009999999999999787e+00,-2.763914827523714177e-03,-1.234690247304724535e-03,2.644147468168915445e-05,7.583979321259909934e-06
5.040000000000000036e+00,-2.685581778344780374e-03,-1.199651243157537220e-03,2.495420102620772636e-05,7.158122813203940735e-06
5.069999999999999396e+00,-2.609466699013555761e-03,-1.165604233542404155e-03,2.355082630637924992e-05,6.756233730000032148e-06
5.099999999999999645e+00,-2.535506766182879165e-03,-1.132521127812546402e-03,2.222659906575441099e-05,6.376958976251796154e-06
5.129999999999999893e+00,-2.463640937229215691e-03,-1.100374631139716761e-03,2.097703835835841658e-05,6.019022167099788885e-06
5.160000000000000142e+00,-2.393809899705573712e-03,-1.069138221948034897e-03,1.979791823988041663e-05,5.681219254863272780e-06
5.189999999999999503e+00,-2.325956022233413144e-03,-1.038786129988884550e-03,1.868525315619462061e-05,5.362414406866790475e-06
5.219999999999999751e+00,-2.260023306792300225e-03,-1.009293315038582326e-03,1.763528417667684935e-05,5.061536119884530245e-06
5.250000000000000000e+00,-2.195957342367342059e-03,-9.806354462010826931e-04,1.664446602290326602e-05,4.777573557491074455e-06
5.279999999999999361e+00,-2.133705259915501945e-03,-9.527888817984570468e-04,1.570945484624974343e-05,4.509573097411008462e-06
5.309999999999999609e+00,-2.073215688613092543e-03,-9.257306498324078701e-04,1.482709671066720533e-05,4.256635076716571037e-06
5.339999999999999858e+00,-2.014438713347822124e-03,-8.994384290005562332e-04,1.399441673949734731e-05,4.017910723433841950e-06
5.370000000000000107e+00,-1.957325833419780448e-03,-8.738905302516872817e-04,1.320860888762598254e-05,3.792599263786890101e-06
5.399999999999999467e+00,-1.901829922416843274e-03,-8.490658788646169089e-04,1.246702630255898514e-05,3.579945194938982670e-06
5.429999999999999716e+00,-1.847905189230922111e-03,-8.249439970357630523e-04,1.176717224015458421e-05,3.379235713681823442e-06
5.459999999999999964e+00,-1.795507140182495825e-03,-8.015049869609503332e-04,1.110669150276681277e-05,3.189798292081031923e-06
5.490000000000000213e+00,-1.744592542221748074e-03,-7.787295143973681569e-04,1.048336236945344177e-05,3.010998391609917339e-06
5.519999999999999574e+00,-1.695119387175598362e-03,-7.565987926920281562e-04,9.895088989688118666e-06,2.842237307796950421e-06
5.549999999999999822e+00,-1.647046857010762370e-03,-7.350945672634395019e-04,9.339894213694679891e-06,2.682950137876186809e-06
5.580000000000000071e+00,-1.600335290083869074e-03,-7.141991005236207829e-04,8.815912834100667666e-06,2.532603864366695116e-06
5.609999999999999432e+00,-1.554946148350453425e-03,-6.938951572279080304e-04,8.321385215090933973e-06,2.390695547917806236e-06
5.639999999999999680e+00,-1.510841985505490979e-03,-6.741659902404005360e-04,7.854651286638662049e-06,2.256750623143912451e-06
5.669999999999999929e+00,-1.467986416028921499e-03,-6.549953267032296951e-04,7.414144882704032454e-06,2.130321291536534391e-06
5.700000000000000178e+00,-1.426344085110341480e-03,-6.363673545981572482e-04,6.998388403525266471e-06,2.010985005883930148e-06
5.729999999999999538e+00,-1.385880639427826367e-03,-6.182667096893599244e-04,6.605987783288838433e-06,1.898343040951204189e-06
5.759999999999999787e+00,-1.346562698756530001e-03,-6.006784628365575973e-04,6.235627745558048406e-06,1.792019145477402431e-06
5.790000000000000036e+00,-1.308357828383439978e-03,-5.835881076679691687e-04,5.886067329867408990e-06,1.691658270832050066e-06
5.819999999999999396e+00,-1.271234512305304508e-03,-5.669815486028584924e-04,5.556135673857138224e-06,1.596925371942606358e-06
5.849999999999999645e+00,-1.235162127187435649e-03,-5.508450892137438165e-04,5.244728036232363587e-06,1.507504276357822947e-06
5.879999999999999893e+00,-1.200110917061736771e-03,-5.351654209186231881e-04,4.950802046687945871e-06,1.423096617550586121e-06
5.910000000000000142e+00,-1.166051968742886453e-03,-5.199296119938329186e-04,4.673374169745337973e-06,1.343420828788450542e-06
5.939999999999999503e+00,-1.132957187942254832e-03,-5.051250968984369056e-04,4.411516370206607337e-06,1.268211194111753863e-06
5.969999999999999751e+00,-1.100799276059683755e-03,-4.907396659012960372e-04,4.164352968644186301e-06,1.197216953158404407e-06
6.000000000000000000e+00,-1.069551707633859027e-03,-4.767614550022265677e-04,3.931057676016886168e-06,1.130201456762169970e-06
6.029999999999999361e+00,-1.039188708432516560e-03,-4.631789361388888629e-04,3.710850797134774422e-06,1.066941370427978898e-06
6.059999999999999609e+00,-1.009685234164294258e-03,-4.499809076712981467e-04,3.502996593290907527e-06,1.007225922954305306e-06
6.089999999999999858e+00,-9.810169497945539063e-04,-4.371564851360776457e-04,3.306800794938220239e-06,9.508561976295262166e-07
6.120000000000000107e+00,-9.531602094479822750e-04,-4.246950922627902342e-04,3.121608255817204134e-06,8.976444635768179223e-07
6.149999999999999467e+00,-9.260920368813004185e-04,-4.125864522449145281e-04,2.946800740436863206e-06,8.474135449613918521e-07
6.179999999999999716e+00,-8.997901065098640010e-04,-4.008205792582336929e-04,2.781794837278883904e-06,7.999962259049298011e-07
6.209999999999999964e+00,-8.742327249724215739e-04,-3.893877702196207663e-04,2.626039990535407771e-06,7.552346890756342547e-07
6.240000000000000213e+00,-8.493988132187191590e-04,-3.782785967793913791e-04,2.479016643605229841e-06,7.129799860386400794e-07
6.269999999999999574e+00,-8.252678891051047237e-04,-3.674838975406012945e-04,2.340234487963862411e-06,6.730915375612275841e-07
6.299999999999999822e+00,-8.018200504836895661e-04,-3.569947704988456249e-04,2.209230811390475433e-06,6.354366621705629936e-07
6.330000000000000071e+00,-7.790359587710529721e-04,-3.468025656963083774e-04,2.085568939881151510e-06,5.998901313590756421e-07
6.359999999999999432e+00,-7.568968229828543486e-04,-3.368988780839786011e-04,1.968836767903901646e-06,5.663337499242826798e-07
6.389999999999999680e+00,-7.353843842211245938e-04,-3.272755405861297608e-04,1.858645371958230189e-06,5.346559600163598661e-07
6.419999999999999929e+00,-7.144809006013844600e-04,-3.179246173613283735e-04,1.754627702691404207e-06,5.047514675482226375e-07
6.450000000000000178e+00,-6.941691326070862419e-04,-3.088383972543915184e-04,1.656437351096070266e-06,4.765208896996422564e-07
6.479999999999999538e+00,-6.744323288592545896e-04,-3.000093874338815875e-04,1.563747384570784054e-06,4.498704223193224080e-07
6.509999999999999787e+00,-6.552542122895288089e-04,-2.914303072098740422e-04,1.476249248866838774e-06,4.247115260970401437e-07
6.540000000000000036e+00,-6.366189667051633293e-04,-2.830940820268888726e-04,1.393651732172775159e-06,4.009606304422684802e-07
6.569999999999999396e+00,-6.185112237348471377e-04,-2.749938376270145849e-04,1.315679987802590285e-06,3.785388540662663244e-07
6.599999999999999645e+00,-6.009160501445372357e-04,-2.671228943784005041e-04,1.242074612156077208e-06,3.573717413217628216e-07
6.629999999999999893e+00,-5.838189355128081161e-04,-2.594747617644309833e-04,1.172590774810338628e-06,3.373890134082052400e-07
6.660000000000000142e+00,-5.672057802555034245e-04,-2.520431330290209848e-04,1.106997397781111900e-06,3.185243336012783723e-07
6.689999999999999503e+00,-5.510628839897837748e-04,-2.448218799736112238e-04,1.045076381161883811e-06,3.007150857132751361e-07
6.719999999999999751e+00,-5.353769342279355225e-04,-2.378050479015584836e-04,9.866218725082410940e-07,2.839021650359923487e-07
6.750000000000000000e+00,-5.201349953915881692e-04,-2.309868507057473831e-04,9.314395774852853806e-07,2.680297810603666071e-07
6.779999999999999361e+00,-5.053244981372424218e-04,-2.243616660953589258e-04,8.793461094375545258e-07,2.530452713071448445e-07
6.809999999999999609e+00,-4.909332289842792754e-04,-2.179240309578536132e-04,8.301683756744790578e-07,2.388989256407012997e-07
6.839999999999999858e+00,-4.769493202368738603e-04,-2.116686368523382873e-04,7.837429983902411267e-07,2.255438204737559896e-07
6.870000000000000107e+00,-4.633612401914668382e-04,-2.055903256305895925e-04,7.399157682554931139e-07,2.129356623043445361e-07
6.899999999999999467e+00,-4.501577836217015649e-04,-1.996840851821184875e-04,6.985411288302483235e-07,2.010326400580947757e-07
6.929999999999999716e+00,-4.373280625329509425e-04,-1.939450452997591430e-04,6.594816900526173319e-07,1.897952857387350879e-07
6.959999999999999964e+00,-4.248614971787938589e-04,-1.883684736623688857e-04,6.226077691574443615e-07,1.791863429179473633e-07
6.989999999999999325e+00,-4.127478073320056478e-04,-1.829497719313176538e-04,5.877969574725125472e-07,1.691706426222357218e-07
7.019999999999999574e+00,-4.009770038028470955e-04,-1.776844719575440112e-04,5.549337116283113272e-07,1.597149861995501097e-07
7.049999999999999822e+00,-3.895393801976433320e-04,-1.725682320960463803e-04,5.239089678005915030e-07,1.507880347720322339e-07
7.080000000000000071e+00,-3.784255049108310232e-04,-1.675968336247622638e-04,4.946197776833741676e-07,1.423602049035289176e-07
7.109999999999999432e+00,-3.676262133438607731e-04,-1.627661772648805966e-04,4.669689649641014297e-07,1.344035701315438914e-07
7.139999999999999680e+00,-3.571326003445171766e-04,-1.580722797997113818e-04,4.408648011423420771e-07,1.268917680331139601e-07
7.169999999999999929e+00,-3.469360128604137431e-04,-1.535112707893232032e-04,4.162206995992581799e-07,1.197999125127953336e-07
7.199999999999999289e+00,-3.370280428005837281e-04,-1.490793893782323891e-04,3.929549268870204828e-07,1.131045110185701045e-07
7.229999999999999538e+00,-3.274005200992706065e-04,-1.447729811935095684e-04,3.709903302658581200e-07,1.067833864081200696e-07
7.259999999999999787e+00,-3.180455059761890966e-04,-1.405884953307433034e-04,3.502540805715611898e-07,1.008156032035989770e-07
7.290000000000000036e+00,-3.089552863876814993e-04,-1.365224814253697622e-04,3.306774295482273957e-07,9.518139798782503785e-08
7.319999999999999396e+00,-3.001223656633627591e-04,-1.325715868069525592e-04,3.121954808300963827e-07,8.986211370877747728e-08
7.349999999999999645e+00,-2.915394603229942965e-04,-1.287325537340616960e-04,2.947469738025322650e-07,8.484013767243939738e-08
7.379999999999999893e+00,-2.831994930684809389e-04,-1.250022167074710125e-04,2.782740796158311117e-07,8.009884301645167711e-08
7.410000000000000142e+00,-2.750955869460240048e-04,-1.213774998594533355e-04,2.627222086666312631e-07,7.562253346874947723e-08
7.439999999999999503e+00,-2.672210596736108827e-04,-1.178554144170204779e-04,2.480398289005021678e-07,7.139639120640917257e-08
7.469999999999999751e+00,-2.595694181291532303e-04,-1.144330562370122193e-04,2.341782943258473035e-07,6.740642764035194703e-08
7.500000000000000000e+00,-2.521343529947247001e-04,-1.111076034110018343e-04,2.210916831637630938e-07,6.363943696138778006e-08
7.529999999999999361e+00,-2.449097335524699293e-04,-1.078763139380388360e-04,2.087366450910151007e-07,6.008295229235566572e-08
7.559999999999999609e+00,-2.378896026278891579e-04,-1.047365234633091383e-04,1.970722570639897247e-07,5.672520429987077850e-08
7.589999999999999858e+00,-2.310681716763243244e-04,-1.016856430808470504e-04,1.860598872404216466e-07,5.355508212744523084e-08
7.620000000000000107e+00,-2.244398160085845392e-04,-9.872115719848371441e-05,1.756630665429864778e-07,5.056209651953590078e-08
7.649999999999999467e+00,-2.179990701517720301e-04,-9.584062146327151368e-05,1.658473674346121260e-07,4.773634501342480275e-08
7.679999999999999716e+00,-2.117406233414753625e-04,-9.304166074567108726e-05,1.565802894996411305e-07,4.506847908276834800e-08
7.709999999999999964e+00,-2.056593151416106872e-04,-9.032196718083884061e-05,1.478311514478976955e-07,4.254967312319585882e-08
7.739999999999999325e+00,-1.997501311882912450e-04,-8.767929826539687648e-05,1.395709891803164923e-07,4.017159517650650954e-08
7.769999999999999574e+00,-1.940081990542123118e-04,-8.511147500811555632e-05,1.317724595751860023e-07,3.792637929583981926e-08
7.799999999999999822e+00,-1.884287842301392486e-04,-8.261638013298327414e-05,1.244097496732933373e-07,3.580659945968887552e-08
7.830000000000000071e+00,-1.830072862201775820e-04,-8.019195633317918357e-05,1.174584909583933707e-07,3.380524494780785404e-08
7.859999999999999432e+00,-1.777392347476043036e-04,-7.783620457450936931e-05,1.108956784465518911e-07,3.191569709695952274e-08
7.889999999999999680e+00,-1.726202860681265547e-04,-7.554718244690563310e-05,1.046995943140530302e-07,3.013170735906227310e-08
7.919999999999999929e+00,-1.676462193875264295e-04,-7.332300256262780618e-05,9.884973580880233352e-08,2.844737658865290262e-08
7.949999999999999289e+00,-1.628129333807325934e-04,-7.116183099984661764e-05,9.332674720452204221e-08,2.685713549068919751e-08
7.979999999999999538e+00,-1.581164428094461222e-04,-6.906188579032357226e-05,8.811235557060138163e-08,2.535572616359577887e-08
8.009999999999999787e+00,-1.535528752355308296e-04,-6.702143544994063962e-05,8.318931014325703219e-08,2.393818467611573553e-08
8.039999999999999147e+00,-1.491184678274521563e-04,-6.503879755086612547e-05,7.854132509572559156e-08,2.259982461998235182e-08
8.070000000000000284e+00,-1.448095642571305510e-04,-6.311233733417936323e-05,7.415302551660215235e-08,2.133622158368499841e-08
8.099999999999999645e+00,-1.406226116846499223e-04,-6.124046636181036522e-05,7.000989641618546584e-08,2.014319849567813932e-08
8.129999999999999005e+00,-1.365541578283281188e-04,-5.942164120668019898e-05,6.609823459082084889e-08,1.901681178828213004e-08
8.160000000000000142e+00,-1.326008481177363572e-04,-5.765436217996373452e-05,6.240510318480922024e-08,1.795333833626574111e-08
8.189999999999999503e+00,-1.287594229273163150e-04,-5.593717209442381139e-05,5.891828879846819847e-08,1.694926312668206186e-08
8.219999999999998863e+00,-1.250267148883093084e-04,-5.426865506279558162e-05,5.562626099944901012e-08,1.600126761896827856e-08
8.250000000000000000e+00,-1.213996462767841987e-04,-5.264743533023174838e-05,5.251813410245495185e-08,1.510621875662286375e-08
8.279999999999999361e+00,-1.178752264756061373e-04,-5.107217613984446505e-05,4.958363109008420453e-08,1.426115859394372970e-08
8.310000000000000497e+00,-1.144505495082497656e-04,-4.954157863040715764e-05,4.681304955467565706e-08,1.346329450336076941e-08
8.339999999999999858e+00,-1.111227916424275392e-04,-4.805438076530934893e-05,4.419722954779477439e-08,1.270998993083233784e-08
8.369999999999999218e+00,-1.078892090615492510e-04,-4.660935629187814915e-05,4.172752323035826472e-08,1.199875566859792636e-08
8.400000000000000355e+00,-1.047471356020969799e-04,-4.520531373021021863e-05,3.939576622241835396e-08,1.132724161630501402e-08
8.429999999999999716e+00,-1.016939805550461800e-04,-4.384109539067927876e-05,3.719425055729513249e-08,1.069322900315231954e-08
8.459999999999999076e+00,-9.872722652951754793e-05,-4.251557641930784915e-05,3.511569915010038082e-08,1.009462304522656089e-08
8.490000000000000213e+00,-9.584442737690030735e-05,-4.122766387021745583e-05,3.315324169575258481e-08,9.529446013659225572e-09
8.519999999999999574e+00,-9.304320617373269191e-05,-3.997629580439124709e-05,3.130039191634699461e-08,8.995830690595741182e-09
8.549999999999998934e+00,-9.032125326167370896e-05,-3.876044041400512560e-05,2.955102608224502254e-08,8.492014191259761924e-09
8.580000000000000071e+00,-8.767632434295251213e-05,-3.757909517160642928e-05,2.789936273549673415e-08,8.016332131613835934e-09
8.609999999999999432e+00,-8.510623862972247627e-05,-3.643128600343759142e-05,2.633994354821436586e-08,7.567213122266124787e-09
8.640000000000000568e+00,-8.260887704579160222e-05,-3.531606648622238290e-05,2.486761525229738365e-08,7.143173570357644189e-09
8.669999999999999929e+00,-8.018218047924988439e-05,-3.423251706675384780e-05,2.347751258048207490e-08,6.742812772189297208e-09
8.699999999999999289e+00,-7.782414808454742418e-05,-3.317974430363826942e-05,2.216504216205205758e-08,6.364808280312853621e-09
8.730000000000000426e+00,-7.553283563262637587e-05,-3.215688013057135092e-05,2.092586731973047507e-08,6.007911529723563043e-09
8.759999999999999787e+00,-7.330635390774428934e-05,-3.116308114053839323e-05,1.975589371727162306e-08,5.670943708652067881e-09
8.789999999999999147e+00,-7.114286714966517461e-05,-3.019752789034744813e-05,1.865125581010217967e-08,5.352791860266033376e-09
8.820000000000000284e+00,-6.904059153993559537e-05,-2.925942422492298423e-05,1.760830405403647568e-08,5.052405202359378479e-09
8.849999999999999645e+00,-6.699779373099615384e-05,-2.834799662080219983e-05,1.662359282961078595e-08,4.768791652830411195e-09
8.879999999999999005e+00,-6.501278941691376228e-05,-2.746249354829200017e-05,1.569386904196249797e-08,4.501014549433550597e-09
8.910000000000000142e+00,-6.308394194455809790e-05,-2.660218485176159720e-05,1.481606135842857570e-08,4.248189552934794059e-09
8.939999999999999503e+00,-6.120966096407554828e-05,-2.576636114755908674e-05,1.398727004815678418e-08,4.009481723409411738e-09
8.969999999999998863e+00,-5.938840111754650753e-05,-2.495433323905497420e-05,1.320475739002491175e-08,3.784102759995096145e-09
9.000000000000000000e+00,-5.761866076474648997e-05,-2.416543154833115134e-05,1.246593861705392896e-08,3.571308394956616167e-09
9.029999999999999361e+00,-5.589898074495889050e-05,-2.339900556404611861e-05,1.176837336728261603e-08,3.370395933429681618e-09
9.060000000000000497e+00,-5.422794317381725326e-05,-2.265442330502058675e-05,1.110975761275447195e-08,3.180701930695043165e-09
9.089999999999999858e+00,-5.260417027418719916e-05,-2.193107079910230255e-05,1.048791603985771175e-08,3.001599999290540067e-09
9.119999999999999218e+00,-5.102632324012077515e-05,-2.122835157687882676e-05,9.900794855756282453e-09,2.832498738698789126e-09
9.150000000000000355e+00,-4.949310113294866332e-05,-2.054568617982187990e-05,9.346454997067402428e-09,2.672839780755375853e-09
9.179999999999999716e+00,-4.800323980859880842e-05,-1.988251168245715430e-05,8.823065718275523404e-09,2.522095944305740112e-09
9.209999999999999076e+00,-4.655551087525597570e-05,-1.923828122816510216e-05,8.328898538633727340e-09,2.379769493001225446e-09
9.240000000000000213e+00,-4.514872068050427586e-05,-1.861246357823065714e-05,7.862321527494645896e-09,2.245390490466954363e-09
9.269999999999999574e+00,-4.378170932711631719e-05,-1.800454267376950683e-05,7.421793909135441283e-09,2.118515247396691361e-09
9.299999999999998934e+00,-4.245334971667672776e-05,-1.741401721016938543e-05,7.005860969201994895e-09,1.998724855434597507e-09
9.330000000000000071e+00,-4.116254662025270667e-05,-1.684040022369601990e-05,6.613149245899069128e-09,1.885623802991610272e-09
9.359999999999999432e+00,-3.990823577534439602e-05,-1.628321868992246011e-05,6.242361989997319432e-09,1.778838668415472155e-09
9.389999999999998792e+00,-3.868938300836974542e-05,-1.574201313365028784e-05,5.892274878619949430e-09,1.678016886189773209e-09
9.419999999999999929e+00,-3.750498338196147876e-05,-1.521633725000164719e-05,5.561731968614287880e-09,1.582825582079503067e-09
9.449999999999999289e+00,-3.635406036637226526e-05,-1.470575753636920387e-05,5.249641876107585180e-09,1.492950473368823660e-09
9.480000000000000426e+00,-3.523566503430411239e-05,-1.420985293492024523e-05,4.954974169596529492e-09,1.408094830552405744e-09
9.509999999999999787e+00,-3.414887527849966856e-05,-1.372821448536080220e-05,4.676755964628696826e-09,1.327978497045411702e-09
9.539999999999999147e+00,-3.309279505144818728e-05,-1.326044498767253055e-05,4.414068708801558479e-09,1.252336963669050124e-09
9.570000000000000284e+00,-3.206655362658090015e-05,-1.280615867454489556e-05,4.166045146436624421e-09,1.180920494850314352e-09
9.599999999999999645e+00,-3.106930488034571810e-05,-1.236498089323222110e-05,3.931866452881262491e-09,1.113493303645571350e-09
9.629999999999999005e+00,-3.010022659456882576e-05,-1.193654779657294847e-05,3.710759528953041934e-09,1.049832772859335300e-09
9.660000000000000142e+00,-2.915851977852891444e-05,-1.152050604291675960e-05,3.501994446572603181e-09,9.897287196822885490e-10
9.689999999999999503e+00,-2.824340801018444621e-05,-1.111651250471180566e-05,3.304882037131618728e-09,9.329827014165431289e-10
9.719999999999998863e+00,-2.735413679601021483e-05,-1.072423398551148052e-05,3.118771614615439011e-09,8.794073599921679356e-10
9.750000000000000000e+00,-2.648997294891634923e-05,-1.034334694516775918e-05,2.943048825946798915e-09,8.288258031074820486e-10
9.779999999999999361e+00,-2.565020398373620654e-05,-9.973537232984203000e-06,2.777133621438060836e-09,7.810710199467273629e-10
9.810000000000000497e+00,-2.483413752978423227e-05,-9.614499828608316859e-06,2.620478338637386287e-09,7.359853295431688678e-10
9.839999999999999858e+00,-2.404110076000060933e-05,-9.265938590450083763e-06,2.472565893230139430e-09,6.934198599637942704e-10
9.869999999999999218e+00,-2.327043983621048524e-05,-8.927566011418510011e-06,2.332908071010841847e-09,6.532340565936111138e-10
9.900000000000000355e+00,-2.252151937004156224e-05,-8.599102981775230898e-06,2.201043915276237222e-09,6.152952178939686315e-10
9.929999999999999716e+00,-2.179372189905504629e-05,-8.280278558909314100e-06,2.076538204305653958e-09,5.794780571001243791e-10
9.959999999999999076e+00,-2.108644737765756486e-05,-7.970829743843230603e-06,1.958980013893174806e-09,5.456642884090995940e-10
9.990000000000000213e+00,-2.039911268237512475e-05,-7.670501264285921062e-06,1.847981360177914681e-09,5.137422362899286654e-10
1.001999999999999957e+01,-1.973115113108069084e-05,-7.379045364053849076e-06,1.743175918284304154e-09,4.836064666248297585e-10
1.004999999999999893e+01,-1.908201201577866942e-05,-7.096221598686142134e-06,1.644217812535270423e-09,4.551574384620282349e-10
1.008000000000000007e+01,-1.845116014856173987e-05,-6.821796637085552905e-06,1.550780474238262858e-09,4.283011752291820952e-10
1.010999999999999943e+01,-1.783807542036529707e-05,-6.555544069021394193e-06,1.462555563267542954e-09,4.029489543206558332e-10
1.013999999999999879e+01,-1.724225237215534467e-05,-6.297244218335528095e-06,1.379251949877315229e-09,3.790170140326543977e-10
1.016999999999999993e+01,-1.666319977819693158e-05,-6.046683961697552603e-06,1.300594753379729307e-09,3.564262768776256789e-10
1.019999999999999929e+01,-1.610044024105919215e-05,-5.803656552759520001e-06,1.226324434509803843e-09,3.351020883634503156e-10
1.023000000000000043e+01,-1.555350979802271361e-05,-5.567961451564929385e-06,1.156195938476969317e-09,3.149739703740668442e-10
1.025999999999999979e+01,-1.502195753856555738e-05,-5.339404159071614537e-06,1.089977885870786454e-09,2.959753883364916403e-10
1.028999999999999915e+01,-1.450534523261153876e-05,-5.117796056651537354e-06,1.027451808746464859e-09,2.780435314046940367e-10
1.032000000000000028e+01,-1.400324696923509616e-05,-4.902954250435392893e-06,9.684114293655162082e-10,2.611191049338799050e-10
1.034999999999999964e+01,-1.351524880552449097e-05,-4.694701420373429497e-06,9.126619792078139461e-10,2.451461345593109205e-10
1.037999999999999901e+01,-1.304094842531358828e-05,-4.492865673887800746e-06,8.600195560045678163e-10,2.300717812321451894e-10
1.041000000000000014e+01,-1.257995480750138327e-05,-4.297280403995900347e-06,8.103105166675651841e-10,2.158461666010152739e-10
1.043999999999999950e+01,-1.213188790368553055e-05,-4.107784151787441298e-06,7.633709041086536644e-10,2.024222081622189510e-10
1.046999999999999886e+01,-1.169637832484383548e-05,-3.924220473141676946e-06,7.190459060555408513e-10,1.897554636336755868e-10
1.050000000000000000e+01,-1.127306703680591624e-05,-3.746437809574943169e-06,6.771893440758698837e-10,1.778039840382967257e-10
1.052999999999999936e+01,-1.086160506426367464e-05,-3.574289363111790010e-06,6.376631911213479502e-10,1.665281750111659614e-10
1.055999999999999872e+01,-1.046165320307634213e-05,-3.407632975076305036e-06,6.003371159980201762e-10,1.558906658720916926e-10
1.058999999999999986e+01,-1.007288174063337734e-05,-3.246331008703740790e-06,5.650880532578813020e-10,1.458561860307628822e-10
1.061999999999999922e+01,-9.694970184044405468e-06,-3.090250235475408550e-06,5.317997970910008992e-10,1.363914483159334820e-10
1.065000000000000036e+01,-9.327606995931923782e-06,-2.939261725082887607e-06,5.003626178767003711e-10,1.274650388429295033e-10
1.067999999999999972e+01,-8.970489337609502558e-06,-2.793240738930900611e-06,4.706729001273008041e-10,1.190473130553803479e-10
1.070999999999999908e+01,-8.623322819433084521e-06,-2.652066627090610659e-06,4.426328006285807141e-10,1.111102975974295058e-10
1.074000000000000021e+01,-8.285821258120141638e-06,-2.515622728618454296e-06,4.161499256479555775e-10,1.036275976919585131e-10
1.076999999999999957e+01,-7.957706440836369354e-06,-2.383796275158042886e-06,3.911370261443609386e-10,9.657430971851160308e-11
1.079999999999999893e+01,-7.638707895855290428e-06,-2.256478297745430349e-06,3.675117099733379245e-10,8.992693870177289379e-11
1.083000000000000007e+01,-7.328562669602048592e-06,-2.133563536740866331e-06,3.451961701370409315e-10,8.366332043766325472e-11
1.085999999999999943e+01,-7.027015109897415612e-06,-2.014950354812518777e-06,3.241169281818827462e-10,7.776254799941324030e-11
1.088999999999999879e+01,-6.733816655223180236e-06,-1.900540652900172545e-06,3.042045918966091006e-10,7.220490238041927094e-11
1.091999999999999993e+01,-6.448725629835514452e-06,-1.790239789089557267e-06,2.853936265108984333e-10,6.697178704434470675e-11
1.094999999999999929e+01,-6.171507044557268742e-06,-1.683956500330147670e-06,2.676221386391725234e-10,6.204566616580151725e-11
1.098000000000000043e+01,-5.901932403084813512e-06,-1.581602826931631748e-06,2.508316722564343493e-10,5.741000635711867512e-11
1.100999999999999979e+01,-5.639779513650201437e-06,-1.483094039776744156e-06,2.349670160327590926e-10,5.304922168820423017e-11
1.103999999999999915e+01,-5.384832305882887291e-06,-1.388348570190051444e-06,2.199760213905494194e-10,4.894862181734541737e-11
1.107000000000000028e+01,-5.136880652720484121e-06,-1.297287942404798889e-06,2.058094306841684310e-10,4.509436306105676761e-11
1.109999999999999964e+01,-4.895720197221581153e-06,-1.209836708571847622e-06,1.924207149349859032e-10,4.147340224075743710e-11
1.112999999999999901e+01,-4.661152184137755218e-06,-1.125922386256841975e-06,1.797659205864637780e-10,3.807345315320415731e-11
1.116000000000000014e+01,-4.432983296106229075e-06,-1.045475398373929151e-06,1.678035247737461119e-10,3.488294552024959863e-11
1.118999999999999950e+01,-4.211025494328008792e-06,-9.684290155062080889e-07,1.564942986303408432e-10,3.189098628164843254e-11
1.121999999999999886e+01,-3.995095863600104217e-06,-8.947193005650626763e-07,1.458011781810540920e-10,2.908732310234186370e-11
1.125000000000000000e+01,-3.785016461574328646e-06,-8.242850557425734428e-07,1.356891423954353796e-10,2.646230997293814059e-11
1.127999999999999936e+01,-3.580614172118345986e-06,-7.570677717129579051e-07,1.261250979996464149e-10,2.400687478898069592e-11
1.130999999999999872e+01,-3.381720562657993831e-06,-6.930115790408469398e-07,1.170777706670146805e-10,2.171248880109726217e-11
1.133999999999999986e+01,-3.188171745383554859e-06,-6.320632017561266991e-07,1.085176022286402458e-10,1.957113783426977702e-11
1.136999999999999922e+01,-2.999808242205484788e-06,-5.741719130567350245e-07,1.004166535653148252e-10,1.757529518026588801e-11
1.140000000000000036e+01,-2.816474853348201899e-06,-5.192894931025604967e-07,9.274851286080371773e-11,1.571789607276025951e-11
1.142999999999999972e+01,-2.638020529473948200e-06,-4.673701888654233321e-07,8.548820891429063427e-11,1.399231365986438838e-11
1.145999999999999908e+01,-2.464298247231015906e-06,-4.183706760016164802e-07,7.861212922649431242e-11,1.239233639368044677e-11
1.149000000000000021e+01,-2.295164888124082031e-06,-3.722500227153286828e-07,7.209794258978609975e-11,1.091214676113719314e-11
1.151999999999999957e+01,-2.130481120606723231e-06,-3.289696555827846407e-07,6.592452592752375842e-11,9.546301284746147479e-12
1.154999999999999893e+01,-1.970111285298904963e-06,-2.884933273085585480e-07,6.007189514188257550e-11,8.289711726063774070e-12
1.158000000000000007e+01,-1.813923283235044209e-06,-2.507870863871719858e-07,5.452113974274363231e-11,7.137627428570729767e-12
1.160999999999999943e+01,-1.661788467050505720e-06,-2.158192486445684434e-07,4.925436104270714917e-11,6.085618740388824641e-12
1.163999999999999879e+01,-1.513581535016806657e-06,-1.835603706356110382e-07,4.425461371511076731e-11,5.129561460770346196e-12
1.166999999999999993e+01,-1.369180427838418618e-06,-1.539832248753230553e-07,3.950585052308164783e-11,4.265622257622297123e-12
1.169999999999999929e+01,-1.228466228126073300e-06,-1.270627768830300863e-07,3.499287003815026386e-11,3.490245006476140740e-12
1.173000000000000043e+01,-1.091323062463692567e-06,-1.027761640200552844e-07,3.070126717686471722e-11,2.800138004298040841e-12
1.175999999999999979e+01,-9.576380059885027559e-07,-8.110267610314067179e-08,2.661738639319875084e-11,2.192262014363950679e-12
1.178999999999999915e+01,-8.273009894055027206e-07,-6.202373777713124782e-08,2.272827737334277299e-11,1.663819101102245791e-12
1.182000000000000028e+01,-7.002047083599209374e-07,-4.552289263198263290e-08,1.902165308778774819e-11,1.212242216351780414e-12
1.184999999999999964e+01,-5.762445350929549474e-07,-3.158578905052202590e-08,1.548585006343099615e-11,8.351855008944275347e-13
1.187999999999999901e+01,-4.553184323079918270e-07,-2.020016777481859998e-08,1.210979074581105183e-11,5.305152674123716441e-13
1.191000000000000014e+01,-3.373268691765344659e-07,-1.135585118044636166e-08,8.882947828534393100e-12,2.963016331972689822e-13
1.193999999999999950e+01,-2.221727394146164005e-07,-5.044734249286484262e-09,5.795310433496737975e-12,1.308107730063515606e-13
1.196999999999999886e+01,-1.097612813622137209e-07,-1.260777232913572408e-09,2.837352031665894924e-12,3.249776442884988551e-14
1.200000000000000000e+01,-1.043595619465372630e-33,0.000000000000000000e+00,2.282125531991339126e-38,0.000000000000000000e+00
